# Created by Octave 6.1.0, Mon Mar 22 20:48:16 2021 GMT <unknown@LAPTOP-F0Q36QVH>
# name: matrix
# type: matrix
# rows: 3
# columns: 2
 0 0
 0 0
 0 0


